4.558818099999999873e+01 2.543350999999999829e+01
4.603106400000000065e+01 2.624071599999999904e+01
4.602145399999999853e+01 2.627936499999999853e+01
4.587556000000000012e+01 2.613671000000000078e+01
4.586834999999999951e+01 2.606926100000000091e+01
4.620929000000000286e+01 2.607403100000000151e+01
4.602289799999999786e+01 2.622933799999999849e+01
4.602548699999999826e+01 2.622793000000000063e+01
4.621482999999999919e+01 2.607376999999999967e+01
4.621077999999999975e+01 2.607312999999999903e+01
4.621199800000000124e+01 2.607306000000000168e+01
4.621287999999999840e+01 2.607257999999999853e+01
4.621432699999999727e+01 2.607389699999999877e+01
4.587266000000000332e+01 2.612028099999999853e+01
4.587337999999999738e+01 2.612631100000000117e+01
4.587360999999999933e+01 2.612865000000000038e+01
4.602145900000000012e+01 2.628056700000000134e+01
4.602149000000000001e+01 2.628180000000000049e+01
4.602167099999999778e+01 2.628309499999999943e+01
4.602146599999999665e+01 2.628391399999999933e+01
4.570757400000000104e+01 2.550954000000000121e+01
4.570662300000000045e+01 2.550954000000000121e+01
4.570648200000000116e+01 2.550627899999999926e+01
4.560005900000000167e+01 2.543695400000000006e+01
4.559890399999999744e+01 2.543747799999999870e+01
4.559795199999999937e+01 2.543746600000000058e+01
4.559664500000000231e+01 2.543753600000000148e+01
4.559518599999999822e+01 2.543752200000000130e+01
4.573220100000000343e+01 2.580969999999999942e+01
4.573030099999999720e+01 2.580865999999999971e+01
4.573029999999999973e+01 2.580866100000000074e+01
